2010 172 06 21 12 01 03 00 43.73300 -107.10100 6.10000 1.4 1
2010 174 06 23 22 28 20 00 44.41600 -105.68500 0.00000 1.8 4
2010 176 06 25 00 53 33 00 43.83700 -105.69600 0.00000 2.1 4
2010 180 06 29 04 45 22 00 44.96600 -105.95700 15.20000 0.7 1
2010 180 06 29 14 58 52 00 43.68400 -105.47900 0.00000 2.1 4
2010 181 06 30 18 42 02 00 44.95600 -106.85500 0.00000 2.2 4
2010 182 07 01 23 46 36 00 44.60700 -108.49900 18.00000 0.9 1
2010 186 07 05 18 08 18 00 44.99300 -106.98500 0.00000 1.9 4
2010 191 07 10 03 20 43 00 43.87400 -106.95800 19.20000 0.7 1
2010 193 07 12 20 52 53 00 44.40600 -105.88700 0.00000 2.2 4
2010 196 07 15 03 17 46 00 44.68900 -107.78600 18.30000 0.7 1
2010 197 07 16 18 01 07 00 43.67700 -105.36100 0.00000 3.3 4
2010 200 07 19 00 56 26 00 44.95300 -106.44900 18.20000 1.4 1
2010 200 07 19 05 05 00 00 44.52000 -108.43000 -1.40000 1.4 0
2010 200 07 19 05 10 00 00 43.82300 -107.35400 -1.50000 1.4 0
2010 200 07 19 06 20 00 00 44.48000 -108.72200 -1.50000 0.8 0
2010 200 07 19 06 25 00 00 44.07000 -107.43600 -1.50000 1.3 0
2010 200 07 19 06 45 00 00 44.69900 -105.75700 -1.30000 0.8 0
2010 200 07 19 07 35 00 00 44.52600 -108.15600 -1.30000 1.5 0
2010 200 07 19 07 40 00 00 44.30600 -107.60500 -1.40000 1.1 0
2010 200 07 19 07 45 00 00 44.69900 -106.09400 -1.10000 1.7 0
2010 200 07 19 09 15 00 00 44.63700 -106.58700 -1.40000 1.4 0
2010 200 07 19 10 30 00 00 44.62400 -106.74800 -1.30000 1.1 0
2010 200 07 19 18 03 51 00 43.59200 -105.67300 0.00000 2.5 4
2010 201 07 20 05 15 00 00 44.59100 -107.22600 -2.50000 1.3 0
2010 201 07 20 05 25 00 00 44.63100 -107.40800 -2.80000 0.8 0
2010 201 07 20 06 15 00 00 44.63200 -107.16000 -2.40000 1.3 0
2010 201 07 20 06 20 00 00 44.97200 -108.36300 -1.20000 1.4 0
2010 201 07 20 06 40 00 00 44.61000 -107.47400 -2.80000 0.9 0
2010 202 07 21 06 40 24 00 43.38600 -106.70000 23.70000 0.9 1
2010 204 07 23 15 10 01 00 44.99700 -107.04800 0.00000 1.9 4
2010 207 07 26 20 21 20 00 43.62400 -105.74000 0.00000 2.8 4
2010 208 07 27 17 42 29 00 44.70900 -105.64100 22.00000 1.7 1
2010 209 07 28 20 52 56 00 44.31600 -105.67800 0.00000 1.8 4
2010 209 07 28 22 59 20 00 44.43900 -105.63000 0.00000 2.3 4
2010 210 07 29 17 32 09 00 43.98000 -105.31900 0.00000 2.9 4
2010 210 07 29 18 37 43 00 44.06800 -105.45200 0.00000 2.9 4
2010 210 07 29 23 25 15 00 44.42300 -105.72600 0.00000 2.2 4
2010 211 07 30 16 17 23 00 43.59100 -105.63500 0.00000 2.7 4
2010 212 07 31 06 16 06 00 44.11700 -106.80400 15.10000 0.7 1
2010 213 08 01 14 12 22 00 44.67400 -108.41700 24.10000 0.3 1
2010 215 08 03 09 15 19 00 43.50800 -106.93700 15.80000 1.2 1
2010 217 08 05 15 38 22 00 44.99500 -106.84300 0.00000 2.2 4
2010 218 08 06 05 00 00 00 43.21700 -106.60100 -1.70000 0.9 0
2010 218 08 06 05 15 00 00 44.54200 -107.53700 -2.80000 0.7 0
2010 218 08 06 07 53 00 00 44.30700 -107.60500 -1.40000 0.8 0
2010 218 08 06 08 08 00 00 44.30600 -107.60400 -1.40000 0.9 0
2010 218 08 06 08 20 00 00 44.30600 -107.60400 -1.40000 0.9 0
2010 218 08 06 10 37 00 00 44.48800 -109.06600 -1.60000 1.5 0
2010 218 08 06 18 04 11 00 43.64500 -105.33000 0.00000 3.1 4
2010 220 08 08 00 17 14 00 44.25300 -107.53400 22.00000 1.5 1
2010 221 08 09 06 02 28 00 44.87600 -108.05100 18.50000 0.9 1
2010 224 08 12 00 05 12 00 43.81800 -105.75700 0.00000 2.2 4
2010 226 08 14 20 02 02 00 43.73100 -105.64600 0.00000 3.2 4
2010 227 08 15 19 07 13 00 43.92000 -105.30500 0.00000 3.0 4
2010 227 08 15 23 05 21 00 43.62700 -105.57200 0.00000 2.5 4
2010 228 08 16 15 44 49 00 44.99600 -106.83800 0.00000 2.7 4
2010 229 08 17 21 07 02 00 43.81200 -105.59700 0.00000 3.1 4
2010 231 08 19 05 21 18 00 44.80200 -108.51600 21.90000 0.5 1
2010 231 08 19 23 27 55 00 44.96000 -106.90800 0.00000 1.8 4
2010 236 08 24 18 27 13 00 43.90400 -105.21100 0.00000 3.0 4
2010 236 08 24 18 54 43 00 43.62600 -105.37800 0.00000 3.0 4
2010 236 08 24 20 07 18 00 43.53600 -105.57800 0.00000 2.8 4
2010 236 08 24 22 29 17 00 44.77300 -105.80200 12.10000 2.7 1
2010 237 08 25 19 13 29 00 44.98000 -107.00700 0.00000 2.6 4
2010 237 08 25 20 10 37 00 43.63600 -105.77000 0.00000 2.8 4
2010 239 08 27 19 56 56 00 43.56500 -105.58400 0.00000 2.9 4
2010 241 08 29 19 13 27 00 44.40600 -105.86100 0.00000 1.8 4
2010 242 08 30 21 31 38 00 43.75400 -105.63400 0.00000 3.0 4
2010 246 09 03 20 01 34 00 43.77700 -105.72700 0.00000 3.1 4
2010 247 09 04 08 30 06 00 44.81100 -107.20300 14.40000 1.8 1
2010 247 09 04 21 36 40 00 44.09200 -105.59400 0.00000 2.2 4
2010 250 09 07 13 35 48 00 44.16800 -107.44800 12.10000 2.4 1
2010 252 09 09 20 53 28 00 43.76800 -106.79700 22.20000 2.4 1
2010 255 09 12 15 38 31 00 44.08500 -105.55000 0.00000 1.9 4
2010 264 09 21 02 34 00 00 43.63000 -106.74800 10.40000 1.1 1
2010 269 09 26 20 13 26 00 45.00500 -106.99000 0.00000 2.6 4
