2015 180 06 29 04 00 00 00 36.86488 -77.96899 0.169 1.0 0
2015 180 06 29 06 10 00 00 36.62984 -77.24901 0.162 1.0 0
2015 180 06 29 07 55 00 00 36.50976 -76.89226 0.158 1.0 0
2015 180 06 29 06 25 00 00 36.37717 -76.52010 0.172 1.0 0
2015 180 06 29 04 05 00 00 36.24454 -76.19270 0.183 1.0 0
2015 174 06 23 03 05 00 00 35.40887 -79.12890 0.165 1.0 0
2015 174 06 23 04 35 00 00 35.28656 -78.86833 0.155 1.0 0
2015 174 06 23 06 24 55 00 35.17588 -78.57298 0.110 1.0 0
2015 174 06 23 07 00 00 00 35.01680 -78.23408 0.155 1.0 0
2015 174 06 23 05 30 00 00 34.87950 -77.84861 0.157 1.0 0
2015 174 06 23 03 00 00 00 34.60068 -77.25130 0.171 1.0 0
2019 348 12 14 17 22 50 53 34.01850 -81.01133 0.071 2.21 1
2019 311 11 07 08 45 34 90 33.96717 -81.05117 0.117 1.98 1
2019 279 10 06 08 30 10 95 35.08933 -80.58567 5.54 1.83 1
2019 257 09 14 00 25 50 46 35.93483 -80.33433 1.15 2.37 1
2019 256 09 13 02 48 27 79 36.05967 -79.76150 6.81 2.02 1
2019 198 07 17 08 07 36 36 34.12900 -81.13467 5.58 2.16 1
2019 191 07 10 08 06 13 74 34.31500 -81.16950 1.14 1.44 1
2019 133 05 13 09 25 35 79 35.78567 -80.55983 4.39 1.77 1
2019 133 05 13 09 24 00 37 35.76483 -80.57117 0.81 2.05 1
2019 133 05 13 09 17 22 66 35.77333 -80.56100 12.77 1.7 1
2019 119 04 29 07 23 59 55 36.11817 -80.14300 1.96 2.25 1
2019 090 03 31 00 08 31 93 36.61967 -81.15283 4.73 1.79 1
2019 085 03 26 04 32 30 72 35.92933 -79.87517 4.39 2.5 1
2018 162 06 11 00 16 46 20 36.24583 -81.13017 9.17 1.98 1
2018 161 06 10 23 56 36 75 36.26650 -81.10100 2.1 2.68 1
2018 096 04 06 02 52 30 82 34.70950 -80.26800 4.26 1.95 1
2017 354 12 20 13 47 26 82 34.79417 -80.49933 2.41 2.22 1
2017 336 12 02 06 15 07 76 34.30433 -81.19467 4.05 2.42 1
2017 328 11 24 05 57 17 05 34.68833 -80.44783 2.5 2.37 1
2017 282 10 09 02 15 03 78 37.29000 -81.01600 8.19 2.44 1
2017 232 08 20 04 34 25 94 35.35433 -80.99033 3.52 1.72 1
2017 174 06 23 07 30 37 59 37.08150 -81.04583 1.97 2.33 1
2017 138 05 18 06 08 37 63 34.75867 -80.33567 1.57 2.16 1
2017 132 05 12 04 31 10 02 37.27717 -80.84100 4.13 2.75 1
2017 047 02 16 02 02 23 89 34.45883 -80.86983 2.86 1.72 1
2017 047 02 16 02 00 21 53 34.45583 -80.88283 0.82 1.13 1
