2012 154 06 02 05 05 27 71 34.96667 -84.88934 13.51 1.0 1
2012 159 06 07 16 54 25 54 34.29000 -82.14183 0.07 1.0 1
2012 160 06 08 07 57 48 12 34.86900 -85.13500 10.0 1.0 1
2012 160 06 08 08 26 43 94 34.85983 -85.12817 12.55 1.0 1
2012 169 06 17 18 39 38 23 35.17083 -85.37267 18.13 1.0 1
2012 182 06 30 00 16 09 33 35.14500 -84.87100 23.65 1.0 1
2012 182 06 30 05 31 07 89 35.17267 -85.48033 15.73 1.0 1
2012 182 06 30 20 32 33 69 34.29650 -82.29567 2.73 1.0 1
2012 186 07 04 01 51 48 90 33.11767 -82.92850 10.41 1.0 1
2012 206 07 24 16 04 27 68 34.91833 -81.78100 2.56 1.0 1
2012 264 09 20 02 02 00 81 34.60200 -85.37650 13.62 1.0 1
2012 265 09 21 10 11 03 49 35.12933 -85.33800 16.74 1.0 1
2012 287 10 13 04 03 08 54 34.97050 -84.35300 7.94 1.0 1
2012 299 10 25 05 21 30 35 34.69100 -84.94183 11.24 1.0 1
2012 329 11 24 11 41 05 57 34.62800 -85.41333 9.75 1.0 1
2012 329 11 24 15 59 41 28 34.62067 -85.40816 10.3 1.0 1
2012 337 12 02 10 26 32 30 34.59950 -85.35717 9.06 1.0 1
2012 343 12 08 05 06 40 11 34.81950 -82.92717 7.66 1.0 1
2012 358 12 23 14 21 33 48 34.88950 -85.19400 11.44 1.0 1
2013 016 01 16 00 39 32 99 34.77650 -85.03067 6.29 1.0 1
2013 033 02 02 06 47 03 37 34.96333 -84.93250 9.62 1.0 1
2013 036 02 05 11 47 12 39 34.78833 -80.98000 13.44 1.0 1
2013 097 04 07 19 21 12 37 33.86500 -82.45750 3.45 1.0 1
2013 103 04 13 15 04 46 92 34.94267 -85.06717 8.19 1.0 1
2013 106 04 16 03 27 53 45 33.86833 -82.45350 0.09 1.0 1
2013 113 04 23 05 31 24 40 33.86600 -82.46117 0.07 1.0 1
2013 116 04 26 05 13 40 56 33.77567 -82.37733 12.01 1.0 1
2013 116 04 26 05 26 36 36 33.77400 -82.40283 10.2 1.0 1
2013 116 04 26 15 40 36 56 33.76917 -82.38834 6.57 1.0 1
2013 117 04 27 04 44 19 63 33.77583 -82.38084 5.32 1.0 1
2013 117 04 27 20 14 02 97 33.22167 -82.72100 15.88 1.0 1
2013 179 06 28 12 49 46 48 34.60817 -85.36100 14.84 1.0 1
2013 207 07 26 05 06 34 25 34.35767 -82.55650 3.78 1.0 1
2013 225 08 13 08 08 32 28 34.95867 -84.97967 7.96 1.0 1
2013 241 08 29 02 04 24 96 34.21417 -82.61667 7.14 1.0 1
2013 278 10 05 14 19 39 79 35.07917 -84.99617 10.0 1.0 1
2013 323 11 19 23 31 41 00 33.48267 -84.59450 23.31 1.0 1
2013 338 12 04 11 41 52 49 34.83883 -84.89400 9.39 1.0 1
2013 344 12 10 23 49 31 04 34.99467 -84.81184 8.43 1.0 1
2013 346 12 12 09 21 02 25 33.27967 -83.03917 9.66 1.0 1
2013 352 12 18 11 59 43 92 34.15133 -82.39800 5.43 1.0 1
2013 356 12 22 21 03 43 68 35.07050 -85.00784 9.14 1.0 1
2013 357 12 23 03 51 56 72 35.07800 -85.01000 7.5 1.0 1
2014 046 02 15 03 23 38 15 33.81667 -82.09200 5.18 1.0 1
2014 047 02 16 20 23 35 81 33.83017 -82.06567 6.99 1.0 1
2014 079 03 20 03 10 00 02 32.30797 -84.59778 0.227 1.0 0
2014 078 03 19 03 00 00 02 32.16044 -84.46409 0.227 1.0 0
2014 078 03 19 03 10 00 02 32.02107 -84.36591 0.227 1.0 0
2014 078 03 19 04 25 00 02 31.80909 -84.11940 0.045 1.0 0
2014 078 03 19 05 11 00 02 31.73172 -84.04466 0.045 1.0 0
2014 078 03 19 06 10 00 02 31.57942 -83.85434 0.091 1.0 0
2014 078 03 19 07 05 00 02 31.21521 -83.50206 0.181 1.0 0
2014 078 03 19 06 05 00 02 31.09683 -83.40052 0.181 1.0 0
2014 078 03 19 04 35 00 02 30.80598 -83.12720 0.204 1.0 0
2014 078 03 19 03 05 00 02 30.65708 -82.96895 0.817 1.0 0
2015 219 08 07 03 20 00 02 33.80847 -83.55728 0.273 1.0 0
2015 219 08 07 07 20 00 02 33.69766 -83.49372 0.182 1.0 0
2015 219 08 07 05 50 00 02 33.45043 -83.39242 0.727 1.0 0
2015 219 08 07 08 51 00 02 33.31253 -83.29161 0.182 1.0 0
2015 220 08 08 03 00 00 02 33.11601 -83.12384 0.182 1.0 0
2015 220 08 08 04 10 00 02 32.83597 -82.89922 0.182 1.0 0
2015 220 08 08 05 10 00 02 32.69918 -82.92459 0.182 1.0 0
2015 220 08 08 06 18 00 02 32.47656 -82.80255 0.364 1.0 0
2015 220 08 08 05 05 00 02 32.35993 -82.71048 0.182 1.0 0
2015 220 08 08 03 05 00 02 31.84319 -82.42969 0.182 1.0 0
2015 219 08 07 09 16 00 02 31.63764 -82.24596 0.182 1.0 0
2015 219 08 07 08 06 00 02 31.43025 -82.16371 0.182 1.0 0
2015 219 08 07 06 35 00 02 31.25057 -82.02168 0.182 1.0 0
2015 219 08 07 03 15 00 02 30.90663 -81.81776 0.727 1.0 0
