2008 253 09 09 11 50 00 00 42.47145 -117.89882 0.084 1.0 0
2008 253 09 09 06 01 00 00 43.87595 -120.89856 0.085 1.0 0
2008 253 09 09 07 20 00 00 43.63593 -120.18624 0.09 1.0 0
2008 253 09 09 08 20 00 00 43.53382 -119.66347 0.082 1.0 0
2008 253 09 09 09 40 00 00 43.29500 -119.00905 0.063 1.0 0
2008 253 09 09 09 55 00 00 43.05340 -118.18281 0.091 1.0 0
2008 253 09 09 10 10 00 00 42.88588 -117.38156 0.088 1.0 0
2008 253 09 09 06 10 00 00 42.64943 -116.45865 0.084 1.0 0
2008 253 09 09 06 05 00 00 41.46655 -118.48192 0.06 1.0 0
2008 253 09 09 07 26 00 00 41.91226 -118.61087 0.08 1.0 0
2008 253 09 09 09 05 00 00 42.41922 -118.87440 0.075 1.0 0
2008 253 09 09 10 25 00 00 42.81659 -118.95969 0.073 1.0 0
2008 253 09 09 07 55 00 00 43.81854 -118.98896 0.089 1.0 0
2008 253 09 09 06 15 00 00 44.25583 -119.02599 0.083 1.0 0
2008 253 09 09 11 35 00 00 42.67387 -118.45010 0.083 1.0 0
2007 151 05 31 12 53 12 00 42.11050 -120.24867 1.235 1.8 1
2007 151 05 31 05 40 26 23 42.10800 -120.25900 1.915 1.6 1
2007 151 05 31 04 57 21 73 42.11167 -120.23917 0.015 2.3 1
2007 151 05 31 02 45 19 35 42.11333 -120.24067 0.955 2.9 1
2007 151 05 31 01 57 56 47 42.11650 -120.24450 0.705 2.3 1
2007 151 05 31 01 56 06 23 42.11583 -120.23400 0.525 2.9 1
2007 150 05 30 21 32 51 15 42.11417 -120.24700 1.835 2.3 1
2007 149 05 29 05 13 25 78 41.55717 -120.21167 2.23 2.35 1
2007 143 05 23 08 03 58 36 42.36833 -119.89200 2.876 1.9 1
2007 142 05 22 23 55 21 60 42.08867 -120.24833 0.035 1.9 1
2007 117 04 27 14 18 32 88 42.34100 -118.56467 0.01 2.2 1
2007 097 04 07 20 31 03 38 41.56167 -121.46983 2.888 1.86 1
2007 094 04 04 22 30 49 41 42.31650 -121.81867 1.202 2.8 1
2007 084 03 25 23 16 18 35 42.24400 -121.94133 5.422 2.7 1
2007 079 03 20 01 41 21 25 42.25133 -121.93567 1.183 2.2 1
2007 078 03 19 18 43 10 84 42.25500 -121.93200 0.661 1.8 1
2007 078 03 19 09 39 21 32 42.24867 -121.94517 5.123 2.0 1
2007 077 03 18 19 03 26 03 42.25317 -121.94083 1.063 1.7 1
2007 074 03 15 13 13 23 06 42.10567 -120.24650 0.19 2.4 1
2007 074 03 15 05 41 44 46 42.10383 -120.25233 1.58 1.7 1
2007 074 03 15 02 54 44 74 42.23767 -121.94583 4.281 1.9 1
2007 073 03 14 23 22 24 47 42.10800 -120.24867 0.93 2.0 1
2007 073 03 14 09 31 50 45 42.09917 -120.24983 1.58 2.6 1
2007 073 03 14 03 26 18 70 42.09767 -120.23400 8.17 2.8 1
2007 070 03 11 20 34 58 73 42.13650 -120.23850 2.967 2.0 1
2007 053 02 22 09 12 00 47 41.52367 -121.94400 3.184 1.55 1
2007 052 02 21 08 14 21 09 42.30100 -118.80550 0.79 1.56 1
2007 035 02 04 23 04 22 88 41.13033 -120.41950 7.549 2.26 1
2007 034 02 03 12 56 50 37 41.01833 -121.55983 3.722 2.01 1
2007 025 01 25 21 12 10 05 41.54867 -121.90150 2.676 2.01 1
2006 351 12 17 09 00 36 66 44.37983 -120.11700 0.541 1.7 1
2006 350 12 16 05 23 11 56 41.08033 -121.87450 3.661 1.96 1
2006 348 12 14 07 05 10 62 41.22383 -121.65833 3.411 1.81 1
2006 342 12 08 18 48 11 88 41.01050 -121.60967 3.368 1.76 1
2006 335 12 01 12 48 31 31 41.01860 -120.30030 14.7 1.6 1
2006 328 11 24 07 24 34 35 41.53183 -121.94367 2.165 1.97 1
2006 321 11 17 23 11 19 10 41.20940 -117.17800 0.5 3.0 1
2006 305 11 01 13 35 09 97 41.26367 -121.97083 2.882 1.65 1
2006 301 10 28 01 36 09 02 41.05500 -121.69083 3.619 1.54 1
2006 293 10 20 21 28 58 18 41.79790 -118.80360 0.0 2.5 1
2006 283 10 10 13 08 14 44 41.08850 -121.65217 3.609 1.58 1
2006 281 10 08 13 12 17 04 41.18583 -121.99200 13.612 1.94 1
2006 277 10 04 21 26 03 37 44.15550 -121.78533 5.614 1.5 1
2006 274 10 01 15 07 06 02 41.51450 -121.92850 3.051 1.6 1
2006 262 09 19 02 36 16 80 41.53467 -121.46617 3.297 1.97 1
2006 234 08 22 21 18 01 76 42.06200 -120.02767 2.734 2.3 1
2006 211 07 30 03 05 14 11 42.24467 -121.98750 7.513 2.1 1
2006 202 07 21 22 27 53 99 42.23800 -121.99217 7.542 1.9 1
2006 201 07 20 10 33 44 63 42.23117 -121.98733 7.113 1.8 1
2006 201 07 20 01 38 01 47 41.43217 -121.84317 0.205 1.88 1
2006 193 07 12 15 25 44 68 42.20767 -121.98800 6.273 1.7 1
2006 186 07 05 00 21 37 04 41.55167 -121.24567 5.11 2.17 1
2006 185 07 04 12 55 39 62 42.10450 -120.25100 7.68 1.7 1
2006 155 06 04 13 46 28 91 41.49900 -121.92933 3.184 2.02 1
2006 138 05 18 15 48 34 77 41.15850 -121.47550 3.502 2.07 1
2006 138 05 18 08 44 34 97 41.16000 -121.44483 8.882 1.9 1
2006 109 04 19 17 14 40 66 42.31050 -121.80750 3.252 1.5 1
2006 102 04 12 10 55 22 35 41.99400 -118.83530 0.0 3.0 1
2006 097 04 07 13 47 49 52 41.00733 -121.85300 3.534 1.71 1
2006 072 03 13 18 19 24 77 41.03040 -117.65730 8.0 2.6 1
2006 069 03 10 02 27 07 65 41.04033 -121.14317 2.769 2.08 1
2006 025 01 25 23 17 36 54 42.04800 -121.66383 4.872 2.4 1
2006 024 01 24 17 13 41 63 41.37667 -121.46833 3.265 1.65 1
2006 015 01 15 01 23 57 25 41.20350 -120.59633 2.565 2.13 1
