2012 226 08 13 05 05 00 00 44.51238 -118.64846 0.021 1.0 0
2012 226 08 13 07 05 00 00 44.51597 -118.03506 0.021 1.0 0
2012 226 08 13 09 45 00 00 44.43295 -117.49446 0.021 1.0 0
2012 227 08 14 07 35 00 00 44.47782 -117.15979 0.021 1.0 0
2012 227 08 14 05 05 00 00 44.46514 -116.65075 0.021 1.0 0
2012 227 08 14 05 20 00 00 44.41269 -116.05597 0.021 1.0 0
2012 226 08 13 09 00 00 00 44.26583 -114.46042 0.021 1.0 0
2012 226 08 13 07 20 00 00 44.27624 -113.96108 0.021 1.0 0
2012 226 08 13 05 01 00 00 44.31401 -113.48221 0.021 1.0 0
2012 227 08 14 03 08 30 00 49.78400 145.12600 0.0 1.0 0
2012 350 12 15 01 41 43 28 45.59600 -112.78000 10.5 2.8 1
2012 342 12 07 15 33 01 39 45.50300 -117.27367 8.645 1.6 1
2012 342 12 07 04 12 39 12 45.49617 -117.16767 8.49 2.0 1
2012 341 12 06 17 19 03 04 46.08350 -118.85133 8.811 1.63 1
2012 324 11 19 22 52 48 96 44.26600 -114.15600 5.0 2.7 1
2012 320 11 15 16 23 00 00 44.69400 -112.47100 10.1 2.5 1
2012 310 11 05 13 28 11 79 44.88300 -114.55500 20.9 2.9 1
2012 298 10 24 16 03 57 90 44.95600 -114.56400 22.5 2.6 1
2012 291 10 17 07 23 37 80 45.27000 -112.79000 12.1 2.8 1
2012 239 08 26 08 22 07 00 44.46000 -114.51000 13.1 3.0 1
2012 228 08 15 22 27 27 72 44.17500 -114.78700 5.0 3.0 1
2012 206 07 24 14 12 50 70 44.72400 -113.02400 6.6 2.7 1
2012 161 06 09 10 05 34 33 46.02917 -118.23950 3.022 1.69 1
2012 138 05 17 10 42 58 67 44.83200 -116.09883 19.346 2.68 1
2012 137 05 16 21 23 55 55 44.56267 -117.40917 4.596 2.22 1
2012 127 05 06 11 36 33 89 45.21600 -115.68500 5.0 2.6 1
2012 030 01 30 14 57 47 50 44.23100 -114.13700 15.4 2.6 1
2012 023 01 23 14 49 24 79 44.91100 -112.74100 5.3 2.5 1
