2014 205 07 24 05 05 00 02 46.39600 -121.94500 1.12000 1.7 0
2014 205 07 24 05 10 00 02 46.45600 -122.33000 0.82000 1.5 0
2014 205 07 24 06 55 00 02 46.29400 -122.06700 1.15000 1.3 0
2014 205 07 24 07 10 00 02 46.34600 -122.27800 0.81000 1.5 0
2014 205 07 24 09 05 00 02 46.59400 -121.81600 1.32000 1.8 0
2014 205 07 24 09 40 00 02 46.18500 -122.40500 1.07000 1.7 0
2014 205 07 24 11 30 00 02 46.18800 -122.62400 0.59000 1.6 0
2014 205 07 24 11 35 00 02 46.71400 -121.55300 0.67000 2.2 0
2014 206 07 25 05 00 00 02 46.20100 -121.77400 1.03000 1.4 0
2014 206 07 25 05 35 00 02 45.99200 -122.69900 0.28000 2.1 0
2014 206 07 25 07 20 00 02 46.18500 -121.99300 1.01000 1.2 0
2014 206 07 25 07 35 00 02 46.04900 -122.44500 0.83000 1.4 0
2014 206 07 25 08 50 00 02 46.08100 -122.13300 0.59000 1.3 0
2014 206 07 25 10 10 00 02 46.07400 -122.31100 0.58000 1.3 0
2014 206 07 25 10 16 00 02 45.69300 -122.88300 0.22000 2.0 0
2014 213 08 01 06 00 00 02 46.47900 -123.03000 0.22000 2.0 0
2014 213 08 01 07 50 00 02 46.44700 -122.70400 0.19000 2.2 0
2014 213 08 01 08 25 00 02 45.83100 -121.39800 0.61000 1.9 0
2014 213 08 01 09 20 00 02 46.34500 -122.56800 1.08000 1.8 0
2014 213 08 01 10 30 00 02 46.31000 -122.34300 1.16000 1.3 0
2014 213 08 01 11 35 00 02 46.04500 -121.83100 1.13000 1.0 0
2014 213 08 01 12 45 00 02 46.12500 -122.02500 0.49000 1.5 0
2014 332 11 28 16 06 28 00 46.57600 -121.75100 1.00000 2.5 1
2014 341 12 07 07 55 01 00 45.65100 -122.69300 16.80000 1.9 1
2014 343 12 09 12 29 59 00 46.52800 -121.74800 4.10000 2.7 1
2014 356 12 22 10 54 22 00 46.13400 -122.16700 5.00000 2.1 1
2014 356 12 22 11 07 00 00 46.12700 -122.16800 4.60000 2.0 1
2014 356 12 22 23 26 10 00 46.47700 -122.25600 17.70000 2.0 1
2015 015 01 15 13 22 52 00 46.48300 -122.40600 18.50000 2.3 1
2015 026 01 26 02 36 36 00 46.83800 -121.91800 7.10000 2.6 1
2015 040 02 09 05 45 35 00 46.38800 -122.21200 0.40000 2.0 1
2015 057 02 26 17 01 29 00 46.82500 -121.91700 9.80000 1.7 1
2015 059 02 28 09 36 10 00 46.35000 -122.25400 11.20000 2.1 1
2015 061 03 02 10 27 37 00 46.32900 -122.38400 13.30000 1.4 1
2015 071 03 12 10 53 47 00 46.34800 -122.25500 11.30000 1.5 1
2015 087 03 28 14 43 48 00 46.73400 -121.95100 5.50000 2.0 1
2015 089 03 30 10 51 50 00 46.48900 -122.39800 20.70000 1.6 1
2015 094 04 04 12 27 00 00 46.18300 -122.77800 18.70000 1.6 1
2015 105 04 15 10 14 48 00 46.34500 -122.24700 11.10000 2.9 1
2015 105 04 15 18 17 19 00 46.34600 -122.25600 11.20000 1.5 1
2015 105 04 15 23 30 07 00 45.93900 -122.39500 10.90000 1.9 1
2015 136 05 16 18 28 01 00 46.32300 -122.38200 14.10000 1.3 1
2015 148 05 28 04 47 51 00 45.70100 -122.77900 23.20000 1.9 1
2015 155 06 04 13 48 24 00 46.48500 -122.40900 18.30000 2.9 1
2015 162 06 11 02 13 53 00 46.08200 -122.38400 14.60000 1.9 1
2015 171 06 20 00 55 45 00 45.66400 -122.76100 18.90000 1.7 1
2015 189 07 08 07 15 17 00 46.34600 -122.25000 10.30000 1.6 1
2015 190 07 09 03 34 07 00 46.22600 -122.48600 16.70000 1.5 1
2015 205 07 24 21 58 57 00 46.00700 -122.06900 13.70000 1.5 1
2015 224 08 12 17 38 13 00 46.54600 -121.78600 2.70000 1.9 1
2015 231 08 19 16 03 09 00 46.02500 -122.19300 10.40000 1.7 1
2015 231 08 19 18 06 55 00 45.84100 -122.26900 11.70000 2.0 1
2015 236 08 24 14 33 44 00 46.75300 -122.18100 8.70000 3.0 1
2015 237 08 25 05 05 40 00 46.71600 -121.91200 0.80000 2.2 1
2015 245 09 02 08 14 35 00 46.74100 -121.89600 1.60000 2.2 1
2015 245 09 02 16 21 13 00 46.28200 -122.64600 9.80000 1.5 1
2015 246 09 03 22 29 21 00 46.35600 -122.26300 10.40000 3.2 1
2015 261 09 18 15 48 57 00 46.53900 -122.37200 20.00000 1.5 1
2015 264 09 21 11 58 57 00 45.95600 -122.59300 14.40000 2.1 1
2015 264 09 21 20 29 40 00 45.95300 -122.60500 13.90000 2.3 1
2015 266 09 23 11 46 55 00 45.95500 -122.60500 13.40000 1.7 1
2015 276 10 03 19 17 18 00 46.25200 -122.05700 10.00000 1.5 1
2015 277 10 04 13 54 23 00 46.25100 -122.06000 10.50000 1.6 1
2015 278 10 05 05 59 05 00 46.30600 -122.48700 18.20000 1.6 1
2015 280 10 07 04 42 01 00 46.51000 -122.31900 19.10000 2.3 1
2015 280 10 07 11 14 59 00 46.50600 -122.31600 20.90000 1.9 1
2015 287 10 14 00 15 54 00 46.69000 -121.66700 2.90000 1.7 1
2015 301 10 28 22 38 51 00 46.82500 -121.96600 4.20000 1.6 1
2015 302 10 29 04 35 40 00 46.48600 -122.30800 20.50000 3.4 1
2015 305 11 01 16 07 03 00 46.20400 -121.45300 -1.10000 2.1 1
2015 308 11 04 02 45 47 00 46.39100 -123.04100 17.30000 1.8 1
2015 316 11 12 07 34 02 00 46.32100 -122.37700 14.80000 1.4 1
2015 316 11 12 16 16 30 00 45.68200 -122.75500 22.20000 2.8 1
2015 318 11 14 06 55 18 00 46.61200 -122.52200 19.80000 1.9 1
2015 322 11 18 14 15 06 00 46.53700 -121.61300 -1.40000 2.8 1
2015 323 11 19 08 02 30 00 46.25100 -122.44400 17.40000 2.8 1
2015 325 11 21 21 24 20 00 45.82900 -122.48600 12.40000 1.6 1
2015 327 11 23 20 37 53 00 46.66600 -121.88900 11.50000 2.0 1
2015 360 12 26 18 39 10 00 46.05700 -122.62700 17.50000 2.1 1
2016 002 01 02 04 50 25 00 46.53000 -121.34800 8.70000 3.1 1
2016 013 01 13 13 59 59 00 46.14900 -122.18500 6.40000 1.5 1
2016 014 01 14 15 23 44 00 46.50900 -122.31500 21.50000 2.3 1
2016 014 01 14 15 35 33 00 46.50500 -122.31000 20.50000 1.7 1
2016 016 01 16 14 22 33 00 46.44100 -122.44900 18.00000 2.1 1
2016 039 02 08 16 50 07 00 46.11700 -122.16300 5.70000 2.8 1
2016 040 02 09 20 24 31 00 46.48200 -122.41200 18.50000 1.8 1
2016 042 02 11 08 14 30 00 46.42800 -121.58300 9.40000 1.8 1
2016 048 02 17 01 53 09 00 46.49000 -122.39900 20.00000 1.6 1
2016 051 02 20 17 44 08 00 46.35200 -122.39300 6.80000 1.6 1
2016 054 02 23 01 16 51 00 46.83000 -121.95100 5.90000 2.3 1
2016 063 03 03 17 03 22 00 46.35100 -122.39400 6.40000 1.7 1
2016 065 03 05 08 49 02 00 45.63100 -122.61800 18.20000 2.0 1
2016 065 03 05 12 13 04 00 46.16800 -122.23100 5.40000 1.4 1
2016 069 03 09 03 41 21 00 45.66300 -122.73800 19.90000 2.3 1
2016 070 03 10 23 13 25 00 46.10800 -123.12700 19.20000 1.9 1
2016 072 03 12 04 49 30 00 45.82200 -122.48000 9.00000 2.1 1
2016 075 03 15 09 42 13 00 46.60000 -121.75800 7.80000 2.5 1
2016 075 03 15 09 42 24 00 46.59100 -121.76700 4.90000 2.7 1
2016 113 04 22 20 02 05 00 46.35000 -122.32900 4.80000 1.6 1
2016 117 04 26 23 55 21 00 46.11500 -122.85800 7.70000 1.8 1
2016 124 05 03 21 00 09 00 46.32600 -122.29000 12.20000 1.4 1
2016 128 05 07 19 13 29 00 46.63800 -121.85100 4.30000 1.6 1
2016 146 05 25 02 11 51 00 46.61900 -121.73200 8.40000 2.2 1
2016 148 05 27 13 44 29 00 46.57300 -122.64200 22.20000 2.7 1
2016 151 05 30 02 45 52 00 46.70500 -122.35100 19.50000 1.7 1
2016 165 06 13 17 37 59 00 46.49500 -122.41100 18.40000 1.4 1
2016 189 07 07 15 29 36 00 46.48500 -122.41600 18.20000 1.9 1
2016 196 07 14 17 01 30 00 46.77600 -121.95800 7.50000 1.6 1
2016 230 08 17 19 53 32 00 45.81600 -122.61900 15.60000 2.1 1
2016 231 08 18 14 11 46 00 46.54000 -121.61400 0.50000 2.8 1
2016 232 08 19 01 24 03 00 46.53800 -121.61300 0.10000 2.0 1
2016 234 08 21 02 11 39 00 46.54000 -121.61800 -0.10000 2.3 1
2016 235 08 22 13 18 18 00 46.20200 -122.17800 -1.30000 1.1 1
