2024 354 12 19 06 03 12 430 37.21350 -88.38567 7.73000 2.29 0
2017 291 10 18 22 23 18 300 38.13170 -87.24170 0.00000 2.60 0
2017 262 09 19 11 47 28 710 38.42383 -87.90983 11.68000 3.80 1
2017 259 09 16 11 52 26 050 38.20410 -87.34560 0.00000 2.60 0
2017 252 09 09 04 15 29 110 38.42500 -87.91300 11.76000 3.06 1
2017 182 07 01 18 07 32 460 38.85000 -89.22750 16.79000 3.12 1
2017 171 06 20 02 06 48 410 37.25250 -83.35967 4.55000 2.57 1
2017 157 06 06 11 29 47 180 37.94700 -90.46650 24.51000 2.58 1
2016 122 05 01 06 12 10 030 37.21367 -88.98767 16.26000 3.50 1
2015 279 10 06 02 52 13 100 38.28950 -85.25733 4.60000 2.78 1
2015 248 09 05 22 23 25 570 38.42967 -90.48400 7.74000 2.65 1
2015 181 06 30 15 42 54 710 42.14640 -85.04590 5.00000 3.30 1
2015 150 05 30 00 41 14 690 38.46200 -88.35617 25.85000 3.40 1
2015 131 05 11 08 41 16 960 38.62317 -83.68400 11.03000 2.62 1
2015 84 03 25 23 08 51 050 42.18810 -88.36600 6.01000 2.90 1
2013 319 11 15 04 30 08 370 37.27067 -89.26917 7.59000 2.60 1
2013 308 11 04 18 35 33 720 41.79990 -87.82470 1.00000 3.20 1
2013 204 07 23 15 00 40 310 38.70883 -83.94683 4.14000 2.60 1
2013 181 06 30 08 36 37 770 38.52417 -88.02067 9.58000 2.30 1
2013 161 06 10 12 29 39 500 41.99000 -88.50900 5.00000 2.60 1
2013 70 03 11 05 56 02 140 38.03800 -88.72800 0.00000 2.70 0
2013 11 01 11 02 28 46 620 37.71367 -88.89717 15.97000 2.70 1
2012 251 09 07 21 56 35 100 41.86400 -83.07600 5.10000 2.50 1
2012 249 09 05 12 28 05 060 38.07500 -89.55000 0.00000 2.50 0
