2011 283 10 10 16 00 00 00 35.84446 -5.45450 0.045 1.0 0
2011 284 10 11 17 01 00 00 35.10395 -5.30138 0.045 1.0 0
2011 285 10 12 16 00 00 00 34.48373 -5.19448 0.045 1.0 0
2011 286 10 13 14 00 00 00 34.73886 -3.86506 0.045 1.0 0
2011 287 10 14 15 00 00 00 35.05021 -2.27181 0.045 1.0 0
2011 365 12 31 06 34 13 04 35.53970 -5.74260 0.00000 2.1 1
2011 365 12 31 02 16 36 56 36.63260 -4.99790 19.00000 2.3 1
2011 363 12 29 11 56 07 28 36.42560 -7.84030 33.20000 2.1 1
2011 362 12 28 19 30 41 17 36.58850 -7.67620 28.00000 3.2 1
2011 362 12 28 02 52 26 98 35.69410 -4.92060 16.20000 2.0 1
2011 360 12 26 21 54 15 60 36.65900 -7.61400 23.50000 3.2 1
2011 355 12 21 23 25 22 40 36.51700 -9.59400 19.60000 2.2 1
2011 354 12 20 17 01 47 30 32.50000 -5.59000 30.00000 2.9 1
2011 354 12 20 14 32 43 20 36.03100 -0.05500 0.00000 3.1 1
2011 351 12 17 11 29 26 27 36.62230 -6.94050 30.00000 2.2 1
2011 350 12 16 18 25 42 80 35.50700 -9.76700 31.80000 2.7 1
2011 349 12 15 22 15 06 60 36.43800 -9.85900 31.90000 2.1 1
2011 349 12 15 16 30 03 99 36.48420 -4.44080 89.70000 2.3 1
2011 348 12 14 05 06 31 55 36.59790 -7.67850 40.00000 2.7 1
2011 347 12 13 20 23 15 20 36.39700 -8.79100 4.20000 2.0 1
2011 346 12 12 05 21 23 10 36.59700 -9.80300 13.70000 2.4 1
2011 345 12 11 11 56 47 10 36.68250 -4.59450 70.80000 2.2 1
2011 344 12 10 02 31 55 19 36.86720 -3.81260 1.80000 3.2 1
2011 338 12 04 12 37 15 24 36.61230 -7.68540 27.00000 2.6 1
2011 337 12 03 23 13 28 90 35.18720 -3.85180 10.00000 2.7 1
2011 335 12 01 16 00 26 30 35.29960 -3.79540 21.70000 2.2 1
2011 335 12 01 12 08 31 80 36.23550 -1.51530 12.40000 2.2 1
2011 335 12 01 10 42 56 90 36.25700 -1.60100 15.10000 2.5 1
2011 335 12 01 07 01 07 70 35.43730 -3.87610 5.00000 2.4 1
2011 334 11 30 21 35 55 50 35.45110 -3.83200 10.00000 2.2 1
2011 333 11 29 10 03 26 40 36.61910 -3.35350 15.00000 2.1 1
2011 332 11 28 21 48 03 80 36.93100 -3.76800 0.00000 2.7 1
2011 331 11 27 20 25 15 50 36.91750 -5.27130 10.00000 2.5 1
2011 331 11 27 13 53 13 46 36.83920 -7.88510 30.10000 2.7 1
2011 330 11 26 17 07 05 60 31.93000 -4.33000 14.00000 2.9 1
2011 330 11 26 01 11 00 00 35.88400 -7.61600 31.80000 3.3 1
2011 330 11 26 00 44 01 80 32.05000 -3.13000 30.00000 3.1 1
2011 329 11 25 18 22 46 23 36.98630 -2.37930 5.40000 2.5 1
2011 328 11 24 19 28 05 20 34.26700 -9.03200 31.00000 2.2 1
2011 324 11 20 19 16 00 30 36.60500 -9.78600 17.20000 2.4 1
2011 320 11 16 16 13 07 00 32.01000 -6.09000 2.00000 2.6 1
2011 319 11 15 11 41 31 00 34.24000 -6.43000 30.00000 2.9 1
2011 318 11 14 16 57 58 36 36.64490 -9.79160 35.00000 3.2 1
2011 317 11 13 22 03 01 40 32.23100 -6.22700 0.00000 2.0 1
2011 315 11 11 18 17 51 60 31.14000 -7.73000 4.00000 2.7 1
2011 311 11 07 21 20 09 00 35.24000 -5.01100 31.60000 2.6 1
2011 311 11 07 14 45 42 00 36.83700 -9.51500 23.10000 2.1 1
2011 310 11 06 05 51 29 30 35.77300 -5.41800 52.40000 2.6 1
2011 309 11 05 18 22 35 00 36.44400 -5.90100 28.00000 3.1 1
2011 309 11 05 12 51 18 70 36.11300 -7.46800 15.00000 2.3 1
2011 309 11 05 01 10 49 90 35.37800 -9.69100 31.00000 2.6 1
2011 308 11 04 18 00 38 00 34.92350 -3.76670 0.00000 2.1 1
2011 308 11 04 06 55 58 40 36.20600 -8.18100 17.30000 3.0 1
2011 307 11 03 09 35 59 47 36.71070 -2.68320 0.00000 2.1 1
2011 306 11 02 23 47 38 00 35.64400 -4.68200 64.60000 3.0 1
2011 306 11 02 22 36 13 80 34.99430 -3.95140 20.00000 3.2 1
2011 306 11 02 18 02 19 20 32.98400 -2.81400 0.00000 2.1 1
2011 305 11 01 14 40 18 80 32.38300 -7.85000 7.00000 2.6 1
2011 305 11 01 08 10 11 40 36.52400 -7.71100 31.00000 3.2 1
2011 302 10 29 19 38 32 50 36.37600 -9.82900 31.00000 2.2 1
2011 302 10 29 04 12 49 20 36.51200 -7.60400 30.90000 2.1 1
2011 301 10 28 08 53 08 50 34.65600 -4.72100 31.00000 2.2 1
2011 300 10 27 14 07 49 40 35.95800 -0.21200 0.00000 3.3 1
2011 296 10 23 05 18 20 28 36.80820 -2.92080 0.00000 2.0 1
2011 295 10 22 22 41 19 70 36.97600 -4.65550 15.00000 2.3 1
2011 294 10 21 05 39 08 50 36.36900 -4.66700 19.00000 3.1 1
2011 292 10 19 15 58 48 60 36.13200 -4.71200 15.00000 2.3 1
2011 288 10 15 07 50 51 20 36.96500 -3.76000 0.00000 2.7 1
2011 287 10 14 17 31 09 60 36.46900 -8.01300 31.00000 2.2 1
2011 286 10 13 13 42 52 60 36.61300 -8.56700 16.20000 2.3 1
2011 285 10 12 09 34 58 66 36.61320 -4.65730 61.30000 2.1 1
2011 285 10 12 04 55 24 60 36.38810 -3.48650 8.00000 2.2 1
2011 284 10 11 23 35 42 60 36.57400 -9.78000 15.90000 2.0 1
2011 282 10 09 01 09 34 40 32.50000 -5.81000 18.00000 2.4 1
2011 281 10 08 11 50 42 40 33.57000 -6.14000 4.00000 2.6 1
2011 280 10 07 17 56 54 00 31.06000 -7.03000 6.00000 2.6 1
2011 279 10 06 11 21 59 88 36.28010 -3.55020 10.80000 2.0 1
2011 278 10 05 03 53 18 50 32.11000 -6.08000 16.00000 2.6 1
2011 278 10 05 03 13 26 70 32.10000 -6.11000 3.00000 3.0 1
2011 276 10 03 23 01 27 20 32.02000 -6.21000 13.00000 3.0 1
2011 276 10 03 20 46 16 39 36.25120 -9.51830 29.10000 3.0 1
2011 276 10 03 16 51 09 30 34.92810 -4.28990 20.00000 2.6 1
2011 276 10 03 03 46 10 65 35.17580 -1.25120 25.10000 2.4 1
2011 275 10 02 05 14 02 50 31.41300 -7.36200 20.30000 2.5 1
2011 274 10 01 23 21 52 68 35.86670 -1.40740 0.00000 2.4 1
2011 274 10 01 16 03 08 90 35.80400 -4.72400 31.00000 3.0 1
