2010 124 05 04 16 00 03 00 33.67486 -5.19632 0.05 1.0 0
2010 125 05 05 17 00 00 00 33.33334 -5.11686 0.05 1.0 0
2010 126 05 06 16 59 59 00 32.85907 -4.96937 0.03 1.0 0
2010 127 05 07 12 01 00 00 32.30227 -4.48881 0.03 1.0 0
2010 127 05 07 17 00 00 00 31.79391 -4.21913 0.03 1.0 0
2010 128 05 08 12 00 00 00 30.99172 -3.96114 0.03 1.0 0
2010 181 06 30 17 26 18 62 35.76910 -4.62130 86.30000 2.0 1
2010 180 06 29 23 07 08 80 32.77000 -5.30000 30.00000 2.4 1
2010 179 06 28 18 08 05 10 31.03000 -7.29000 1.00000 2.8 1
2010 179 06 28 09 11 34 30 31.00000 -7.25000 0.00000 3.0 1
2010 179 06 28 09 04 12 60 32.04000 -5.22000 30.00000 2.9 1
2010 178 06 27 17 32 39 70 30.89000 -7.08000 4.00000 2.8 1
2010 177 06 26 22 41 14 89 35.89640 -0.59860 25.30000 2.0 1
2010 175 06 24 20 57 43 70 35.55900 -4.88100 68.40000 3.0 1
2010 175 06 24 13 40 21 00 35.16300 -0.11500 0.00000 2.8 1
2010 171 06 20 06 50 30 65 35.66100 -4.65100 69.10000 2.7 1
2010 167 06 16 20 39 06 30 31.17000 -7.66000 1.00000 3.0 1
2010 166 06 15 23 08 51 15 36.42340 -7.93310 62.00000 2.3 1
2010 165 06 14 22 43 27 00 32.09000 -6.49000 3.00000 2.8 1
2010 165 06 14 22 42 56 70 32.06000 -6.46000 1.00000 2.7 1
2010 165 06 14 12 23 05 30 35.97230 -4.65000 80.00000 3.0 1
2010 164 06 13 18 40 30 39 36.04800 -2.88400 0.00000 2.0 1
2010 164 06 13 09 00 36 90 33.11000 -6.77000 2.00000 2.9 1
2010 160 06 09 22 41 50 80 36.53160 -7.26540 30.00000 3.2 1
2010 157 06 06 16 08 23 50 32.74000 -4.43000 18.00000 2.6 1
2010 157 06 06 06 25 09 99 36.83490 -4.82920 16.90000 2.1 1
2010 154 06 03 12 24 42 20 31.44000 -6.16000 30.00000 2.5 1
2010 153 06 02 08 16 17 40 36.62200 -9.68300 17.00000 2.9 1
2010 153 06 02 03 22 17 88 34.90770 -3.83440 19.00000 3.0 1
2010 152 06 01 10 46 30 90 36.52800 -7.79700 18.70000 2.1 1
2010 151 05 31 14 12 06 20 32.52900 -7.94000 0.00000 2.2 1
2010 151 05 31 11 47 15 90 32.87700 -6.81800 0.00000 2.2 1
2010 151 05 31 01 59 50 10 33.58000 -5.44000 1.00000 2.7 1
2010 149 05 29 23 29 38 50 35.39670 -2.29900 30.00000 2.3 1
2010 149 05 29 07 15 54 01 36.54990 -9.85340 10.00000 2.8 1
2010 149 05 29 04 25 28 90 36.76090 -9.71000 20.00000 2.5 1
2010 148 05 28 16 07 52 50 35.50790 -2.28710 0.00000 2.0 1
2010 148 05 28 06 15 44 50 32.30430 -6.30540 5.00000 2.3 1
2010 147 05 27 06 30 22 00 32.64000 -5.38000 15.00000 2.5 1
2010 146 05 26 00 32 24 60 34.83460 -5.73270 10.00000 2.0 1
2010 145 05 25 19 44 12 50 36.86200 -4.54690 17.90000 2.0 1
2010 142 05 22 18 42 34 12 36.22880 -5.44410 47.60000 2.9 1
2010 142 05 22 08 04 42 40 36.47450 -4.61640 69.40000 3.3 1
2010 140 05 20 23 08 04 50 35.61440 -5.11110 20.00000 2.1 1
2010 140 05 20 07 31 03 50 36.40260 -9.80830 20.00000 2.0 1
2010 137 05 17 07 45 37 31 36.00050 -0.57450 0.00000 2.3 1
2010 136 05 16 10 03 51 40 36.01550 -9.89720 10.00000 2.0 1
2010 134 05 14 05 11 47 50 36.87050 -7.93700 30.00000 2.7 1
2010 133 05 13 00 24 39 62 36.68960 -9.82810 18.70000 2.0 1
2010 132 05 12 14 37 24 19 36.61330 -7.35750 39.30000 2.9 1
2010 132 05 12 12 35 55 80 35.89670 -4.35730 10.00000 2.3 1
2010 131 05 11 13 19 25 10 36.47330 -8.93100 10.00000 2.6 1
2010 130 05 10 19 08 00 10 32.40000 -6.73000 2.00000 2.7 1
2010 130 05 10 07 42 07 10 36.80440 -3.78360 2.00000 2.0 1
2010 129 05 09 04 55 32 30 36.74760 -9.63960 20.00000 2.0 1
2010 126 05 06 19 35 01 10 36.28220 -3.82280 2.00000 2.9 1
2010 123 05 03 22 21 22 30 36.65290 -4.70250 54.00000 2.2 1
2010 123 05 03 16 20 15 60 36.60990 -4.69090 65.00000 2.0 1
2010 123 05 03 06 21 49 38 35.54090 -1.21250 0.00000 2.0 1
2010 122 05 02 16 12 50 20 35.79730 -4.70720 68.90000 2.6 1
2010 122 05 02 15 31 31 50 31.14000 -8.16000 7.00000 2.9 1
2010 122 05 02 07 44 56 20 36.93030 -8.59160 30.00000 2.8 1
2010 121 05 01 06 27 12 70 36.83760 -4.42090 50.10000 2.1 1
2010 120 04 30 18 02 19 80 35.79950 -4.98760 30.00000 2.0 1
2010 119 04 29 12 01 36 40 36.73040 -2.72780 6.10000 2.0 1
2010 119 04 29 08 16 43 50 36.43900 -9.54960 10.00000 2.4 1
2010 118 04 28 23 41 30 50 36.54040 -8.94990 15.00000 2.4 1
2010 114 04 24 14 09 19 50 36.64870 -6.96640 54.20000 2.4 1
2010 113 04 23 07 07 34 15 36.09940 -4.82130 68.90000 2.2 1
2010 113 04 23 00 28 14 56 36.38860 -3.64750 16.40000 3.0 1
2010 112 04 22 03 30 20 30 36.74470 -2.75650 5.00000 2.2 1
2010 112 04 22 02 50 47 10 36.45680 -4.66870 88.30000 2.1 1
2010 112 04 22 01 42 45 56 35.33660 -6.26880 53.90000 3.2 1
2010 111 04 21 11 45 44 80 36.68970 -7.57150 20.00000 2.4 1
2010 110 04 20 17 18 00 80 31.65000 -5.53000 30.00000 2.8 1
2010 110 04 20 17 16 10 50 31.63000 -5.53000 30.00000 2.8 1
2010 109 04 19 17 34 10 90 36.69010 -9.72770 20.00000 2.2 1
2010 107 04 17 18 26 10 70 36.87240 -4.53210 49.90000 2.9 1
2010 107 04 17 15 31 05 50 31.53000 -3.96000 30.00000 3.1 1
2010 107 04 17 00 16 55 46 33.53500 -5.52960 0.00000 3.2 1
2010 105 04 15 06 41 03 50 36.45420 -2.57640 14.80000 2.0 1
2010 104 04 14 16 12 16 30 34.83350 -5.72440 10.00000 3.2 1
2010 104 04 14 15 37 42 90 34.70760 -5.71670 30.00000 3.2 1
2010 103 04 13 13 18 47 30 35.58200 -0.07200 0.00000 2.9 1
2010 102 04 12 11 51 39 90 35.88460 -0.88290 10.00000 2.5 1
2010 102 04 12 05 47 51 90 36.72690 -9.61080 15.00000 2.4 1
2010 101 04 11 11 09 04 40 36.82230 -7.06320 40.00000 3.0 1
2010 101 04 11 00 48 45 20 35.70270 -5.11720 5.00000 2.4 1
2010 098 04 08 14 51 10 81 36.04120 -7.48930 15.50000 2.6 1
2010 098 04 08 12 08 29 30 36.73650 -8.21880 19.20000 2.7 1
2010 097 04 07 03 01 09 50 36.67720 -4.53890 60.00000 3.0 1
2010 096 04 06 07 07 44 70 36.34580 -4.13870 0.00000 2.0 1
2010 094 04 04 06 59 20 70 36.04560 -4.92620 67.50000 2.9 1
2010 093 04 03 15 43 13 01 36.57650 -7.76690 10.00000 2.0 1
2010 092 04 02 14 04 59 10 36.58890 -2.51410 9.90000 2.1 1
2010 092 04 02 14 04 29 00 32.16700 -7.65100 31.00000 2.3 1
