2000 131 05 10 07 17 40 42 36.79700 -116.22700 6.01000 2.6 1
2000 181 06 29 00 35 44 95 37.38600 -117.01100 5.00000 3.0 1
2000 245 09 01 14 17 48 59 37.79800 -115.83500 5.00000 3.6 1
2000 245 09 01 14 41 34 00 37.76000 -115.81000 15.50000 2.9 1
2000 245 09 01 19 03 00 00 37.79000 -115.79000 16.20000 4.2 1
2000 278 10 04 09 46 29 84 37.44100 -116.06000 11.39000 2.3 1
2000 294 10 20 13 53 11 85 36.58400 -116.26800 4.77000 1.9 1
2000 326 11 21 20 39 41 00 36.48500 -116.21300 6.90000 2.8 1
2000 327 11 22 02 15 33 20 36.48600 -116.19900 4.62000 1.6 1
2000 327 11 22 02 30 17 40 36.48900 -116.21300 5.48000 1.9 1
2001 025 01 25 15 54 42 62 37.99900 -115.97000 11.47000 2.5 1
2001 055 02 24 00 59 18 59 37.44800 -116.93500 4.52000 2.0 1
2001 183 07 02 12 39 32 50 37.81400 -115.94400 0.00000 2.5 1
2001 254 09 11 04 58 40 12 37.43300 -117.04500 5.11000 2.4 1
2001 254 09 11 21 19 15 95 37.43200 -117.04300 5.23000 2.1 1
2001 258 09 15 11 19 16 28 37.43400 -117.04100 5.00000 2.4 1
2001 263 09 20 02 20 20 09 37.63500 -116.55700 10.35000 1.9 1
2001 318 11 14 01 34 58 61 37.55000 -115.36200 6.37000 2.3 1
2002 019 01 19 00 51 47 99 37.04500 -115.17000 0.00000 2.4 1
2002 019 01 19 15 06 38 48 36.81600 -116.07400 7.20000 2.5 1
2002 019 01 19 23 22 54 78 36.81600 -116.07300 6.56000 2.1 1
2002 024 01 24 19 49 35 03 36.81500 -116.07600 6.63000 2.3 1
2002 054 02 23 22 31 53 56 37.68500 -115.29500 2.60000 3.1 1
2002 071 03 12 18 33 40 90 37.46000 -116.95100 6.90000 2.0 1
2002 080 03 21 06 05 41 27 37.14900 -116.28800 3.30000 2.1 1
2002 119 04 29 03 27 25 64 36.71800 -116.30200 9.18000 2.4 1
2002 124 05 04 06 08 33 24 38.00700 -115.77300 0.00000 1.5 1
2002 130 05 10 14 44 03 51 37.02100 -115.06800 2.40000 2.5 1
2002 147 05 27 04 41 56 26 36.72700 -116.30500 8.13000 1.0 1
2002 167 06 16 12 11 21 08 36.71600 -116.30600 10.31000 1.8 1
2002 180 06 29 14 19 34 25 36.71900 -116.30600 9.73000 2.1 1
2002 190 07 09 16 30 00 98 37.88100 -115.43300 0.00000 1.7 1
2002 218 08 06 08 00 45 96 36.72100 -116.31000 9.13000 2.5 1
2002 225 08 13 09 36 57 15 36.77400 -115.73200 11.03000 2.1 1
2002 241 08 29 10 25 12 09 36.61900 -115.72500 14.55000 2.1 1
2002 292 10 19 10 42 54 76 37.61600 -115.33400 10.46000 2.3 1
2002 301 10 28 19 14 52 98 37.51700 -116.31900 15.39000 2.1 1
2002 308 11 04 22 26 40 30 37.40600 -115.20700 0.00000 2.5 1
2002 309 11 05 21 20 02 81 37.88700 -115.90200 0.00000 2.2 1
2003 012 01 12 14 47 25 19 37.17100 -115.20700 0.00000 2.4 1
2003 036 02 05 09 49 38 06 37.86500 -116.09600 0.00000 2.4 1
2003 088 03 29 08 19 29 47 37.02500 -116.11400 8.85000 2.2 1
2003 194 07 13 20 44 25 70 36.85400 -116.08900 9.21000 2.1 1
2003 214 08 02 23 44 24 89 36.90100 -116.70900 0.00000 2.0 1
2003 223 08 11 19 48 12 89 37.80900 -115.91600 0.00000 1.9 1
2003 240 08 28 22 06 57 19 36.84600 -116.26700 9.35000 1.2 1
2003 245 09 02 21 09 53 42 37.80500 -115.47000 0.00000 1.9 1
2003 246 09 03 15 49 59 40 37.72300 -115.48000 0.00000 1.9 1
2003 255 09 12 07 33 11 37 37.47800 -116.86500 6.54000 1.8 1
2003 256 09 13 13 21 01 84 37.73800 -115.47000 0.00000 1.8 1
2003 256 09 13 23 42 50 58 37.96000 -115.41500 0.00000 1.7 1
2003 272 09 29 13 53 19 16 37.53800 -115.72700 4.48000 2.5 1
2003 272 09 29 14 08 27 02 37.71300 -115.48600 0.00000 2.3 1
2003 304 10 31 13 57 04 25 36.70200 -116.20600 9.28000 2.4 1
2005 001 01 01 01 26 23 34 37.42000 -117.04700 6.62000 2.8 1
2005 005 01 05 04 37 50 48 36.71300 -115.73700 4.36000 2.4 1
2005 013 01 13 00 27 49 68 37.96700 -115.78400 0.00000 2.7 1
2005 147 05 27 14 17 28 64 36.53600 -115.58200 12.82000 2.3 1
2005 179 06 28 22 30 19 69 37.28600 -116.37700 9.81000 2.4 1
2005 285 10 12 20 33 05 42 36.48000 -116.21700 7.36000 2.5 1
2005 292 10 19 07 36 26 77 36.72000 -116.30300 9.11000 2.6 1
2005 311 11 07 03 21 29 66 36.71400 -116.30800 8.77000 2.3 1
2005 333 11 29 23 35 52 73 38.10200 -116.27800 10.92000 2.4 1
2005 347 12 13 10 52 53 73 37.12200 -115.19100 0.00000 2.4 1
2005 356 12 22 21 57 38 37 37.23600 -116.01300 6.86000 3.0 1
2005 358 12 24 03 47 04 06 36.51800 -115.95800 8.22000 2.3 1
2006 023 01 23 07 59 27 01 36.61600 -116.46000 6.74000 2.5 1
2006 031 01 31 17 06 43 42 36.44500 -115.79600 0.00000 2.5 1
2006 061 03 02 00 49 13 97 36.68300 -115.47500 0.00000 2.3 1
2006 061 03 02 07 19 57 53 37.07700 -117.02000 7.62000 2.2 1
2006 105 04 15 13 53 31 71 37.36700 -115.37200 5.17000 2.0 1
2006 233 08 21 23 56 32 18 37.14900 -115.79300 7.76000 3.0 1
2006 243 08 31 07 48 13 08 37.64600 -115.33400 12.88000 2.5 1
2006 279 10 06 17 37 12 55 36.88200 -116.70500 2.58000 2.1 1
2006 303 10 30 11 36 33 99 37.48700 -115.37700 11.84000 2.8 1
2006 326 11 22 03 37 35 52 36.84100 -115.93300 10.58000 2.2 1
2006 358 12 24 22 35 57 24 37.03500 -116.37300 8.69000 2.3 1
2007 027 01 27 12 58 07 24 36.62700 -115.96500 9.37000 2.6 1
2007 038 02 07 02 46 19 31 37.80600 -116.13600 15.33000 3.1 1
2007 043 02 12 19 29 59 00 37.82400 -116.17700 11.11000 2.6 1
2007 066 03 07 13 43 14 36 37.30300 -115.42700 0.00000 2.8 1
2007 066 03 07 23 38 49 00 37.05700 -116.19700 7.00000 2.5 1
2007 117 04 27 16 30 49 11 37.15100 -115.32300 0.00000 2.4 1
2007 117 04 27 20 50 26 50 37.15600 -115.32800 4.19000 2.3 1
2007 118 04 28 01 40 37 50 37.14100 -115.31500 3.00000 3.2 1
2007 118 04 28 04 37 14 31 37.11500 -115.28600 0.00000 2.5 1
2007 119 04 29 03 32 41 75 37.15100 -115.31600 0.00000 2.4 1
2007 122 05 02 20 34 38 13 37.12700 -115.29900 0.00000 3.0 1
2007 159 06 08 01 20 18 65 38.11600 -116.01400 6.63000 1.8 1
2007 160 06 09 23 45 47 96 37.16100 -115.31800 0.00000 2.1 1
2007 161 06 10 06 02 03 65 37.12900 -115.30000 0.00000 2.3 1
2007 181 06 30 19 11 07 89 37.12500 -115.27900 0.00000 2.5 1
2007 188 07 07 02 39 39 87 36.72200 -116.30000 8.30000 2.4 1
2007 198 07 17 11 31 10 13 37.14700 -115.31100 0.00000 2.1 1
2007 198 07 17 12 37 37 73 37.11800 -115.28000 0.00000 2.1 1
2007 206 07 25 20 01 33 89 36.72600 -116.05300 7.83000 2.5 1
2007 228 08 16 13 09 35 08 37.15000 -115.31800 0.00000 2.7 1
2007 228 08 16 13 51 17 57 37.15200 -115.31600 0.00000 2.4 1
2007 234 08 22 06 33 47 79 36.59800 -116.26600 7.22000 2.1 1
2007 244 09 01 21 26 12 37 36.98100 -115.89900 0.00000 2.4 1
2007 285 10 12 17 59 05 55 36.75500 -115.82100 0.00000 2.2 1
2007 287 10 14 13 36 10 27 37.11500 -115.29500 2.00000 2.7 1
2007 293 10 20 06 12 40 13 36.75200 -115.54300 13.42000 2.5 1
2007 293 10 20 14 26 07 91 36.75200 -115.55100 3.98000 3.1 1
2007 335 12 01 00 26 09 26 37.55900 -115.82300 0.00000 2.4 1
2008 313 11 08 02 08 55 00 36.49700 -116.61900 4.00000 2.3 1
2008 319 11 14 21 57 53 00 36.75400 -115.86000 0.00000 2.5 1
2008 319 11 14 23 53 40 00 37.13200 -115.67200 2.00000 3.3 1
2008 336 12 01 19 04 19 00 36.68100 -116.28800 0.00000 2.2 1
2009 020 01 20 00 59 19 00 37.64400 -115.27500 4.00000 2.5 1
2011 045 02 14 16 46 08 14 37.46900 -116.93300 6.45000 2.0 1
2011 046 02 15 11 48 33 22 36.65800 -115.68700 13.42000 2.5 1
2011 059 02 28 05 49 23 04 37.26400 -115.09000 8.25000 1.9 1
2011 059 02 28 21 25 06 33 37.62900 -116.15200 0.00000 2.4 1
2011 061 03 02 22 54 25 16 37.71500 -115.98800 10.82000 2.2 1
2011 062 03 03 01 11 27 67 37.71800 -115.99700 10.39000 2.2 1
2011 062 03 03 04 10 06 52 37.71800 -116.00700 11.20000 2.6 1
2011 062 03 03 18 39 27 79 37.71700 -115.99100 0.00000 1.9 1
2011 065 03 06 01 22 30 56 36.71700 -116.31200 6.70000 1.9 1
2011 070 03 11 12 49 56 18 37.22700 -115.79600 5.63000 2.2 1
2011 099 04 09 08 33 16 03 36.60800 -116.02200 6.10000 2.6 1
2011 110 04 20 18 59 47 02 37.18500 -116.51500 9.67000 2.0 1
2011 123 05 03 22 00 00 01 37.22100 -116.06100 0.06000 2.1 0
2011 125 05 05 05 08 34 81 36.54000 -116.58600 5.69000 1.8 1
2011 126 05 06 22 35 24 41 36.47400 -115.45900 3.55000 2.6 1
2011 156 06 05 05 44 42 48 37.03700 -116.58000 11.01000 1.7 1
2011 184 07 03 11 32 01 93 37.25600 -115.48700 0.00000 1.5 1
2011 195 07 14 22 06 08 04 36.47100 -115.89900 3.88000 2.1 1
2011 216 08 04 18 46 52 81 36.80600 -116.19300 13.40000 1.4 1
2011 217 08 05 22 13 49 53 37.74800 -115.20400 0.00000 1.7 1
2011 221 08 09 01 20 39 97 36.76900 -116.03400 10.00000 1.5 1
2011 221 08 09 03 21 52 43 36.84800 -116.25600 13.00000 2.5 1
2011 221 08 09 04 31 14 06 36.84200 -116.25000 10.00000 3.0 1
2011 221 08 09 12 55 21 84 36.71000 -115.56000 10.79000 2.0 1
2011 227 08 15 19 10 46 79 36.71800 -116.44200 7.90000 3.0 1
2011 232 08 20 17 41 44 48 37.33200 -116.80300 11.96000 2.6 1
2011 235 08 23 05 17 39 33 37.85000 -116.10100 0.00000 1.3 1
2011 237 08 25 22 48 26 53 37.88100 -115.89500 0.00000 1.4 1
2011 241 08 29 06 12 25 84 37.81800 -115.91400 0.00000 1.6 1
2011 241 08 29 11 31 24 40 37.82300 -115.92700 0.00000 1.3 1
2011 241 08 29 13 15 49 55 37.80900 -115.91700 0.00000 1.5 1
2011 243 08 31 03 44 06 75 36.51300 -115.93000 10.63000 1.6 1
2011 245 09 02 17 42 18 91 37.16000 -116.59600 7.22000 1.0 1
2011 247 09 04 10 27 15 20 37.04600 -117.01300 7.67000 2.2 1
2011 264 09 21 03 02 07 79 37.18100 -115.81300 7.86000 2.1 1
2011 271 09 28 10 24 40 50 36.59800 -116.26600 5.59000 1.9 1
2011 296 10 23 00 51 40 67 37.41900 -117.04200 6.30000 2.1 1
2011 298 10 25 19 00 00 01 37.22100 -116.06100 0.05000 1.2 0
2011 302 10 29 12 53 25 13 37.80800 -115.97600 0.00000 2.3 1
2011 325 11 21 03 29 41 13 37.07500 -117.02500 8.20000 2.7 1
2012 045 02 14 05 12 33 67 38.06100 -116.05900 0.00000 1.9 1
2012 066 03 06 16 47 59 70 37.63400 -116.77700 14.90000 2.4 1
2012 067 03 07 13 32 11 69 37.32700 -116.08000 9.51000 2.1 1
2012 114 04 23 15 55 17 27 36.71100 -116.28200 7.90000 2.3 1
2012 153 06 01 04 18 02 50 36.70000 -116.32200 8.94000 2.1 1
2012 153 06 01 06 54 08 34 36.69800 -116.31500 10.40000 3.0 1
2012 167 06 15 18 52 01 11 37.14400 -116.36700 3.80000 3.2 1
2012 174 06 22 22 33 07 90 37.33300 -115.61700 3.67000 1.7 1
2012 184 07 02 16 06 16 65 37.81200 -116.12700 16.85000 2.0 1
2012 206 07 24 18 00 00 44 37.22100 -116.06100 0.05000 1.4 0
2012 210 07 28 05 27 32 71 36.72900 -116.29600 9.70000 2.8 1
2012 234 08 21 07 11 50 48 36.49800 -116.58800 6.40000 2.8 1
2012 259 09 15 15 45 50 41 36.75100 -115.57800 13.88000 2.0 1
2012 361 12 26 23 50 46 83 37.24400 -115.65200 5.60000 2.7 1
2013 010 01 10 00 53 14 76 37.86000 -116.06200 12.35000 1.6 1
2013 042 02 11 17 24 04 18 36.49200 -116.58800 4.30000 2.6 1
2013 111 04 21 16 11 15 54 37.93000 -115.76900 9.70000 2.9 1
2013 118 04 28 17 41 43 76 36.46600 -116.01300 12.10000 2.4 1
2013 209 07 28 13 32 10 31 37.53100 -115.49800 8.60000 2.9 1
2013 259 09 16 05 56 33 01 36.96800 -116.13700 7.42000 2.3 1
2013 259 09 16 14 12 31 94 37.51000 -115.48400 5.50000 3.7 1
2013 270 09 27 13 59 51 56 37.33800 -115.99900 5.23000 2.3 1
2013 305 11 01 18 21 46 56 36.71800 -116.34100 6.77000 2.9 1
2013 316 11 12 00 15 07 43 37.80200 -116.25300 12.76000 2.5 1
2013 355 12 21 23 02 26 46 37.70100 -115.13600 0.00000 3.7 1
2014 010 01 10 06 14 01 01 37.15800 -115.57800 7.50000 2.6 1
2014 222 08 10 10 40 03 92 37.34200 -115.11500 0.00000 4.1 1
2014 223 08 11 00 26 31 98 37.33000 -115.07500 8.21000 2.1 1
2014 254 09 11 01 06 26 00 36.99800 -115.14100 11.99000 2.5 1
2014 296 10 23 06 29 11 41 37.72000 -116.04100 0.00000 2.3 1
2014 327 11 23 19 15 26 38 37.39300 -115.21900 14.79000 2.0 1
2015 177 06 26 04 47 42 80 37.37400 -116.07700 11.60000 1.9 1
2015 204 07 23 02 59 18 90 37.99600 -115.88600 3.00000 1.9 1
2016 006 01 06 19 10 49 00 37.43600 -115.08500 0.00000 2.1 1
2016 014 01 14 21 16 52 00 37.13800 -115.16300 0.00000 1.8 1
2016 063 03 03 22 31 32 00 37.33200 -116.30500 5.10000 2.0 1
2016 084 03 24 00 11 48 00 36.61500 -116.05800 0.00000 2.0 1
2016 108 04 17 07 22 26 00 37.53700 -115.10300 9.00000 1.3 1
2016 117 04 26 20 49 00 00 37.22100 -116.06100 0.08000 2.1 0
2016 132 05 11 12 51 10 30 36.45700 -115.76300 11.00000 1.8 1
2016 158 06 06 21 54 45 00 37.34000 -115.24400 0.00000 2.2 1
2016 158 06 06 22 09 40 00 37.32000 -115.24400 0.00000 2.4 1
2016 222 08 09 04 24 59 50 36.41600 -116.32100 0.00000 2.1 1
2016 245 09 01 01 16 54 83 37.03100 -115.17500 0.00000 2.2 1
2016 253 09 09 15 07 39 00 37.11100 -115.15500 2.00000 2.3 1
2016 258 09 14 00 38 22 62 37.63000 -116.69400 3.90000 2.4 1
2016 263 09 19 00 30 19 51 37.14600 -115.18500 14.70000 2.8 1
2016 286 10 12 18 36 00 00 37.22100 -116.06100 0.03000 1.6 0
2016 303 10 29 03 30 40 00 36.85800 -115.21800 3.00000 2.0 1
2016 323 11 18 09 12 05 65 36.73700 -116.00200 8.80000 2.5 1
2017 006 01 06 13 26 28 83 37.89300 -116.11700 14.90000 1.9 1
2017 052 02 21 21 26 32 61 36.68900 -116.40000 6.40000 2.0 1
2017 115 04 25 11 28 35 14 36.67400 -116.38400 8.50000 2.3 1
2017 120 04 30 14 38 10 39 37.81700 -116.03200 10.50000 1.7 1
2017 129 05 09 09 13 37 24 37.05600 -116.73700 6.70000 2.2 1
2017 163 06 12 11 04 12 09 37.10900 -117.06000 7.60000 2.2 1
2017 163 06 12 11 19 36 51 37.11200 -117.05400 7.90000 2.3 1
2017 168 06 17 19 44 31 97 37.79900 -116.18000 10.60000 1.8 1
2017 198 07 17 09 27 04 88 36.74000 -115.99100 0.00000 4.4 1
2017 203 07 22 23 52 06 26 36.72300 -116.32700 7.70000 2.3 1
2017 205 07 24 19 30 10 75 36.71800 -116.33200 8.50000 2.4 1
2017 261 09 18 17 29 07 27 37.34300 -115.09000 2.70000 1.9 1
2017 262 09 19 09 21 01 82 37.33400 -115.08000 2.30000 2.0 1
2017 327 11 23 10 55 57 35 36.59300 -115.88400 9.50000 2.5 1
2017 342 12 08 03 48 24 98 37.10500 -117.06000 6.70000 1.9 1
2017 343 12 09 00 38 48 88 37.06400 -116.22400 8.70000 1.9 1
2017 354 12 20 04 26 40 73 36.98500 -115.08000 2.60000 1.9 1
2017 364 12 30 15 04 43 94 36.73000 -115.89900 7.00000 2.6 1
2018 065 03 06 20 31 23 44 38.02700 -115.88100 0.10000 2.4 1
2018 098 04 08 03 31 53 11 36.44300 -115.75200 8.50000 2.2 1
