2011 075 03 16 17 06 59 00 32.16800 -115.30200 7.00000 1.9 1
2011 075 03 16 11 11 04 00 32.57800 -115.68600 5.00000 2.2 1
2011 075 03 16 08 52 55 00 32.22000 -115.23700 10.00000 2.1 1
2011 075 03 16 08 38 12 00 32.62700 -115.80700 3.00000 1.4 1
2011 075 03 16 00 11 30 00 32.30200 -115.32100 6.00000 2.2 1
2011 074 03 15 17 24 33 00 32.13000 -115.29150 7.40000 3.6 1
2011 074 03 15 13 08 13 00 32.17500 -115.24700 8.00000 3.1 1
2011 074 03 15 07 15 47 00 31.51580 -116.88050 6.90000 3.3 1
2011 074 03 15 05 36 36 00 31.84500 -115.29400 8.00000 2.0 1
2011 074 03 15 01 07 17 00 32.26300 -115.30900 7.00000 1.9 1
2011 074 03 15 00 54 55 00 32.55750 -115.69170 14.10000 2.6 1
2011 073 03 14 06 57 44 00 32.70900 -115.98600 3.00000 1.5 1
2011 073 03 14 06 30 02 00 31.94030 -114.98760 16.80000 3.6 1
2011 072 03 13 23 07 09 00 32.58200 -117.06000 11.80000 1.9 1
2011 072 03 13 13 25 57 00 32.47460 -115.47660 17.40000 2.8 1
2011 070 03 11 10 28 16 00 32.65700 -115.97100 4.00000 2.1 1
2011 069 03 10 12 49 12 00 32.64400 -115.93700 3.00000 1.4 1
2011 069 03 10 06 35 59 00 32.25400 -115.34500 6.00000 2.5 1
2011 068 03 09 23 25 43 00 32.24800 -115.34000 10.00000 2.1 1
2011 068 03 09 22 13 23 00 32.70500 -115.92700 3.00000 2.1 1
2011 068 03 09 16 56 00 00 32.43300 -116.44000 8.00000 1.4 1
2011 068 03 09 13 55 23 00 32.23630 -115.25830 18.20000 3.1 1
2011 068 03 09 12 14 12 00 32.67690 -115.75680 14.90000 3.8 1
2011 068 03 09 04 17 17 00 34.28000 -116.83000 6.70000 2.9 1
2011 067 03 08 20 46 38 00 32.57700 -115.71300 3.00000 2.9 1
2011 067 03 08 20 41 26 00 32.57000 -115.70700 3.00000 2.6 1
2011 067 03 08 17 08 32 00 32.14900 -115.21000 8.00000 2.4 1
2011 067 03 08 14 35 39 00 32.60400 -115.71000 3.00000 2.4 1
2011 067 03 08 08 24 18 00 32.19700 -115.24400 5.00000 2.3 1
2011 067 03 08 04 34 10 00 31.81300 -116.62300 8.00000 1.9 1
2011 066 03 07 21 38 07 00 32.67600 -115.83100 9.00000 2.3 1
2011 066 03 07 20 26 08 00 32.18520 -115.26780 14.40000 3.0 1
2011 066 03 07 18 18 26 00 32.27530 -115.32940 13.00000 3.3 1
2011 065 03 06 13 40 27 00 32.45400 -115.51700 6.00000 2.7 1
2011 065 03 06 12 09 02 00 32.70300 -115.26000 10.00000 2.0 1
2011 065 03 06 10 33 00 00 32.67700 -116.38600 3.00000 1.8 1
2011 065 03 06 10 12 01 00 32.84100 -115.36720 13.00000 1.7 1
2011 065 03 06 10 09 01 00 32.98100 -115.20480 4.80000 1.7 1
2011 065 03 06 09 02 59 00 32.59000 -116.69300 0.60000 1.5 1
2011 065 03 06 07 15 01 00 32.87880 -115.53520 17.20000 2.1 1
2011 065 03 06 05 45 12 00 32.83400 -115.62300 10.00000 1.9 1
2011 065 03 06 04 42 09 00 32.08000 -115.22500 9.00000 2.3 1
2011 065 03 06 03 32 31 00 32.79970 -115.61540 16.70000 3.0 1
2011 065 03 06 01 00 29 00 32.65000 -115.86700 3.00000 2.4 1
2011 064 03 05 16 27 34 00 32.22160 -115.30180 18.20000 3.1 1
2011 064 03 05 16 11 36 00 32.28440 -115.29190 22.60000 3.5 1
2011 064 03 05 15 13 23 00 33.69700 -116.72300 18.40000 2.4 1
2011 064 03 05 14 01 46 00 32.65630 -115.70300 12.60000 2.0 1
2011 064 03 05 12 24 48 00 32.61200 -115.73000 3.00000 2.6 1
2011 064 03 05 11 26 16 00 33.23300 -116.08980 10.40000 2.2 1
2011 064 03 05 09 11 18 00 33.24980 -116.41130 7.30000 2.1 1
2011 064 03 05 07 35 59 00 32.38800 -116.30490 7.20000 2.7 1
2011 064 03 05 04 45 01 00 32.12420 -115.07060 10.50000 3.3 1
2011 063 03 04 12 24 20 00 34.31700 -116.46830 4.90000 2.3 1
2011 063 03 04 06 16 21 00 34.28100 -116.43600 2.20000 2.8 1
2011 063 03 04 01 32 16 00 32.32700 -115.28100 5.00000 2.8 1
2011 062 03 03 22 19 34 00 32.52700 -115.65700 5.00000 2.6 1
2011 062 03 03 20 17 35 00 34.46800 -116.51600 10.60000 3.4 1
2011 062 03 03 20 05 14 00 33.02160 -116.48300 14.60000 2.9 1
2011 062 03 03 19 31 25 00 34.46900 -116.52100 10.30000 2.4 1
2011 062 03 03 16 20 06 00 32.25900 -115.13000 7.00000 2.3 1
2011 062 03 03 14 06 49 00 32.16300 -115.23300 8.00000 2.6 1
2011 061 03 02 22 08 56 00 32.20300 -115.27600 7.00000 2.0 1
2011 061 03 02 19 08 30 00 31.86200 -115.10700 9.00000 2.8 1
2011 061 03 02 13 37 02 00 32.27900 -115.30400 7.00000 2.4 1
2011 061 03 02 11 34 23 00 32.61600 -115.73800 3.00000 1.9 1
2011 061 03 02 11 01 01 00 32.19100 -115.27800 7.00000 2.0 1
2011 061 03 02 09 32 09 00 33.81000 -117.13300 5.10000 2.7 1
2011 061 03 02 08 31 25 00 32.60300 -115.74600 4.00000 2.3 1
2011 061 03 02 06 01 45 00 32.51100 -115.64300 4.00000 2.6 1
2011 060 03 01 21 04 33 00 32.43800 -115.54800 6.00000 2.2 1
2011 060 03 01 18 04 39 00 32.89900 -116.23600 4.00000 2.5 1
2011 060 03 01 15 56 02 00 32.20600 -115.30200 6.00000 1.9 1
2011 060 03 01 08 10 37 00 32.22200 -115.30100 7.00000 2.4 1
2011 060 03 01 00 25 03 00 32.70200 -115.94300 4.00000 2.5 1
2011 059 02 28 07 01 18 00 32.31800 -115.30400 6.00000 2.6 1
2011 063 03 04 07 12 00 00 32.73200 -115.27620 0.00000 2.56 0
2011 063 03 04 08 12 00 00 32.78050 -115.32440 -0.00000 2.56 0
2011 065 03 06 10 12 00 00 32.84920 -115.37180 -0.00000 2.76 0
2011 065 03 06 11 15 00 00 33.04010 -115.52390 -0.10000 2.56 0
2011 065 03 06 00 15 00 00 33.04010 -115.52390 -0.00000 2.56 0
2011 066 03 07 08 33 00 00 33.51490 -116.07020 -0.10000 2.73 0
2011 068 03 09 09 15 00 00 33.79770 -116.36610 0.10000 2.56 0
2011 066 03 07 09 09 00 00 33.84240 -116.40480 0.10000 2.76 0
2011 070 03 11 08 06 00 00 34.00110 -116.55710 0.50000 2.56 0
2011 066 03 07 07 15 00 00 34.00860 -116.57130 0.60000 3.08 0
2011 069 03 10 10 39 00 00 34.00860 -116.57120 0.60000 2.76 0
2011 065 03 06 07 03 00 00 32.57100 -116.86600 0.70000 2.88 0
2011 065 03 06 09 03 00 00 32.60080 -116.68150 0.40000 2.88 0
2011 065 03 06 10 33 00 00 32.67210 -116.34660 1.10000 2.96 0
2011 065 03 06 11 36 00 00 32.73850 -116.04480 0.20000 2.96 0
2011 065 03 06 07 15 00 00 32.88510 -115.54100 -0.00000 2.96 0
2011 065 03 06 10 09 00 00 32.96380 -115.23130 -0.00000 2.83 0
2011 065 03 06 09 09 00 00 33.05700 -114.98960 0.20000 2.96 0
2011 065 03 06 07 09 00 00 33.21630 -114.67840 0.10000 3.08 0
2011 065 03 06 10 06 00 00 32.88590 -115.88580 0.00000 2.77 0
2011 065 03 06 08 06 00 00 32.95960 -115.81680 0.10000 2.77 0
2011 065 03 06 07 06 00 00 32.97570 -115.80540 0.10000 2.56 0
2011 065 03 06 09 15 00 00 33.07380 -115.70800 -0.10000 2.56 0
2011 065 03 06 10 18 00 00 33.29490 -115.51120 0.00000 2.76 0
2011 065 03 06 09 18 00 00 33.29820 -115.49870 0.00000 2.56 0
2011 065 03 06 08 18 00 00 33.37700 -115.47400 0.20000 2.76 0
2011 065 03 06 07 18 00 00 33.42660 -115.46470 0.40000 2.96 0
2011 066 03 07 07 03 00 00 33.50190 -116.19580 0.10000 2.96 0
2011 068 03 09 10 09 00 00 33.55340 -116.05590 -0.10000 2.76 0
2011 068 03 09 07 09 00 00 33.57940 -115.98960 0.00000 2.76 0
2011 066 03 07 07 06 00 00 33.65420 -115.80010 0.50000 2.96 0
2011 066 03 07 07 09 00 00 33.58390 -116.43720 1.20000 2.87 0
2011 069 03 10 10 45 00 00 33.65560 -116.39600 0.50000 2.76 0
2011 069 03 10 07 15 00 00 33.87960 -116.29350 0.40000 2.96 0
2011 069 03 10 07 03 00 00 33.84190 -116.60740 0.70000 2.99 0
2011 069 03 10 08 33 00 00 33.92850 -116.56260 0.30000 2.67 0
2011 069 03 10 09 33 00 00 33.96700 -116.54400 0.40000 2.76 0
2011 069 03 10 07 09 00 00 34.06880 -116.48110 0.80000 2.76 0
2011 069 03 10 07 36 00 00 34.18660 -116.43390 1.10000 2.96 0
2011 075 03 16 07 30 00 00 33.23790 -115.97200 -0.00000 2.69 0
